0 0.2 0.3 0.4 0.9
1 0.3 0.4 0.5 1.2
2 0.4 0.5 0.6 1.5
3 0.5 0.6 0.7 1.8
4 0.6 0.7 0.8 2.1
5 0.7 0.8 0.9 2.4
6 0.8 0.9 1 2.7
7 0.9 1 1.1 3
8 1 1.1 1.2 3.3
9 1.1 1.2 1.3 3.6
10 1.2 1.3 1.4 3.9
11 1.3 1.4 1.5 4.2
12 1.4 1.5 1.6 4.5
13 1.5 1.6 1.7 4.8
14 1.6 1.7 1.8 5.1
15 1.7 1.8 1.9 5.4
16 1.8 1.9 2 5.7
17 1.9 2 2.1 6
18 2 2.1 2.2 6.3
19 2.1 2.2 2.3 6.6
20 2.2 2.3 2.4 6.9
21 2.3 2.4 2.5 7.2
22 2.4 2.5 2.6 7.5
23 2.5 2.6 2.7 7.8
24 2.6 2.7 2.8 8.1
25 2.7 2.8 2.9 8.4
26 2.8 2.9 3 8.7
27 2.9 3 3.1 9
28 3 3.1 3.2 9.3
29 3.1 3.2 3.3 9.6
30 3.2 3.3 3.4 9.9
31 3.3 3.4 3.5 10.2
32 3.4 3.5 3.6 10.5
33 3.5 3.6 3.7 10.8
34 3.6 3.7 3.8 11.1
35 3.7 3.8 3.9 11.4
36 3.8 3.9 4 11.7
37 3.9 4 4.1 12
38 4 4.1 4.2 12.3
39 4.1 4.2 4.3 12.6
40 4.2 4.3 4.4 12.9
41 4.3 4.4 4.5 13.2
42 4.4 4.5 4.6 13.5
43 4.5 4.6 4.7 13.8
44 4.6 4.7 4.8 14.1
45 4.7 4.8 4.9 14.4
46 4.8 4.9 5 14.7
47 4.9 5 5.1 15
48 5 5.1 5.2 15.3
49 5.1 5.2 5.3 15.6
50 5.2 5.3 5.4 15.9
51 5.3 5.4 5.5 16.2
52 5.4 5.5 5.6 16.5
53 5.5 5.6 5.7 16.8
54 5.6 5.7 5.8 17.1
55 5.7 5.8 5.9 17.4
56 5.8 5.9 6 17.7
57 5.9 6 6.1 18
58 6 6.1 6.2 18.3
59 6.1 6.2 6.3 18.6
60 6.2 6.3 6.4 18.9
61 6.3 6.4 6.5 19.2
62 6.4 6.5 6.6 19.5
63 6.5 6.6 6.7 19.8
64 6.6 6.7 6.8 20.1
65 6.7 6.8 6.9 20.4
66 6.8 6.9 7 20.7
67 6.9 7 7.1 21
68 7 7.1 7.2 21.3
69 7.1 7.2 7.3 21.6
70 7.2 7.3 7.4 21.9
71 7.3 7.4 7.5 22.2
72 7.4 7.5 7.6 22.5
73 7.5 7.6 7.7 22.8
74 7.6 7.7 7.79999 23.1
75 7.7 7.79999 7.89999 23.4
76 7.79999 7.89999 7.99999 23.7
77 7.89999 7.99999 8.09999 24
78 7.99999 8.09999 8.2 24.3
79 8.09999 8.2 8.3 24.6
80 8.2 8.3 8.4 24.9
81 8.3 8.4 8.5 25.2
82 8.4 8.5 8.6 25.5
83 8.5 8.6 8.7 25.8
84 8.6 8.7 8.8 26.1
85 8.7 8.8 8.9 26.4
86 8.8 8.9 9 26.7
87 8.9 9 9.1 27
88 9 9.1 9.2 27.3
89 9.1 9.2 9.3 27.6
90 9.2 9.3 9.4 27.9
91 9.3 9.4 9.5 28.2
92 9.4 9.5 9.6 28.5
93 9.5 9.6 9.7 28.8
94 9.6 9.7 9.8 29.1
95 9.7 9.8 9.9 29.4
96 9.8 9.9 10 29.7
97 9.9 10 10.1 30
98 10 10.1 10.2 30.3
99 10.1 10.2 10.3 30.6
100 10.2 10.3 10.4 30.9
101 10.3 10.4 10.5 31.2
102 10.4 10.5 10.6 31.5
103 10.5 10.6 10.7 31.8
104 10.6 10.7 10.8 32.1
105 10.7 10.8 10.9 32.4
106 10.8 10.9 11 32.7
107 10.9 11 11.1 33
108 11 11.1 11.2 33.3
109 11.1 11.2 11.3 33.6
110 11.2 11.3 11.4 33.9
111 11.3 11.4 11.5 34.2
112 11.4 11.5 11.6 34.5
113 11.5 11.6 11.7 34.8
114 11.6 11.7 11.8 35.1
115 11.7 11.8 11.9 35.4
116 11.8 11.9 12 35.7
117 11.9 12 12.1 36
118 12 12.1 12.2 36.3
119 12.1 12.2 12.3 36.6
120 12.2 12.3 12.4 36.9
121 12.3 12.4 12.5 37.2
122 12.4 12.5 12.6 37.5
123 12.5 12.6 12.7 37.8
124 12.6 12.7 12.8 38.1
125 12.7 12.8 12.9 38.4
126 12.8 12.9 13 38.7
127 12.9 13 13.1 39
128 13 13.1 13.2 39.3
129 13.1 13.2 13.3 39.6
130 13.2 13.3 13.4 39.9
131 13.3 13.4 13.5 40.2
132 13.4 13.5 13.6 40.5
133 13.5 13.6 13.7 40.8
134 13.6 13.7 13.8 41.1
135 13.7 13.8 13.9 41.4
136 13.8 13.9 14 41.7001
137 13.9 14 14.1 42.0001
138 14 14.1 14.2 42.3001
139 14.1 14.2 14.3 42.6001
140 14.2 14.3 14.4 42.9001
141 14.3 14.4 14.5 43.2001
142 14.4 14.5 14.6 43.5001
143 14.5 14.6 14.7 43.8001
144 14.6 14.7 14.8 44.1001
145 14.7 14.8 14.9 44.4001
146 14.8 14.9 15 44.7001
147 14.9 15 15.1 45.0001
148 15 15.1 15.2 45.3001
149 15.1 15.2 15.3 45.6001
150 15.2 15.3 15.4 45.9001
151 15.3 15.4 15.5 46.2001
152 15.4 15.5 15.6 46.5001
153 15.5 15.6 15.7 46.8001
154 15.6 15.7 15.8 47.1001
155 15.7 15.8 15.9 47.4001
156 15.8 15.9 16 47.7001
157 15.9 16 16.1 48.0001
158 16 16.1 16.2 48.3001
159 16.1 16.2 16.3 48.6001
160 16.2 16.3 16.4 48.9001
161 16.3 16.4 16.5 49.2001
162 16.4 16.5 16.6 49.5001
163 16.5 16.6 16.7 49.8001
164 16.6 16.7 16.8 50.1001
165 16.7 16.8 16.9 50.4001
166 16.8 16.9 17 50.7001
167 16.9 17 17.1 51.0001
168 17 17.1 17.2 51.3001
169 17.1 17.2 17.3 51.6001
170 17.2 17.3 17.4 51.9001
171 17.3 17.4 17.5 52.2001
172 17.4 17.5 17.6 52.5001
173 17.5 17.6 17.7 52.8001
174 17.6 17.7 17.8 53.1001
175 17.7 17.8 17.9 53.4001
176 17.8 17.9 18 53.7001
177 17.9 18 18.1 54.0001
178 18 18.1 18.2 54.3001
179 18.1 18.2 18.3 54.6001
180 18.2 18.3 18.4 54.9001
181 18.3 18.4 18.5 55.2001
182 18.4 18.5 18.6 55.5001
183 18.5 18.6 18.7 55.8001
184 18.6 18.7 18.8 56.1001
185 18.7 18.8 18.9 56.4001
186 18.8 18.9 19 56.7001
187 18.9 19 19.1 57.0001
188 19 19.1 19.2 57.3001
189 19.1 19.2 19.3 57.6001
190 19.2 19.3 19.4 57.9001
191 19.3 19.4 19.5 58.2001
192 19.4 19.5 19.6 58.5001
193 19.5 19.6 19.7 58.8001
194 19.6 19.7 19.8 59.1001
195 19.7 19.8 19.9 59.4001
196 19.8 19.9 20 59.7001
197 19.9 20 20.1 60.0001
198 20 20.1 20.2 60.3001
199 20.1 20.2 20.3 60.6001
200 20.2 20.3 20.4 60.9001
201 20.3 20.4 20.5 61.2001
202 20.4 20.5 20.6 61.5001
203 20.5 20.6 20.7 61.8001
204 20.6 20.7 20.8 62.1001
205 20.7 20.8 20.9 62.4001
206 20.8 20.9 21 62.7001
207 20.9 21 21.1 63.0001
208 21 21.1 21.2 63.3001
209 21.1 21.2 21.3 63.6001
210 21.2 21.3 21.4 63.9001
211 21.3 21.4 21.5 64.2001
212 21.4 21.5 21.6 64.5001
213 21.5 21.6 21.7 64.8001
214 21.6 21.7 21.8 65.1001
215 21.7 21.8 21.9 65.4001
216 21.8 21.9 22 65.7001
217 21.9 22 22.1 66.0001
218 22 22.1 22.2 66.3001
219 22.1 22.2 22.3 66.6001
220 22.2 22.3 22.4 66.9001
221 22.3 22.4 22.5 67.2001
222 22.4 22.5 22.6 67.5002
223 22.5 22.6 22.7001 67.8001
224 22.6 22.7001 22.8001 68.1002
225 22.7001 22.8001 22.9001 68.4001
226 22.8001 22.9001 23.0001 68.7002
227 22.9001 23.0001 23.1001 69.0002
228 23.0001 23.1001 23.2001 69.3002
229 23.1001 23.2001 23.3001 69.6002
230 23.2001 23.3001 23.4001 69.9002
231 23.3001 23.4001 23.5001 70.2002
232 23.4001 23.5001 23.6001 70.5002
233 23.5001 23.6001 23.7001 70.8002
234 23.6001 23.7001 23.8001 71.1002
235 23.7001 23.8001 23.9001 71.4002
236 23.8001 23.9001 24.0001 71.7002
237 23.9001 24.0001 24.1001 72.0002
238 24.0001 24.1001 24.2001 72.3002
239 24.1001 24.2001 24.3001 72.6002
240 24.2001 24.3001 24.4001 72.9002
241 24.3001 24.4001 24.5001 73.2002
242 24.4001 24.5001 24.6001 73.5002
243 24.5001 24.6001 24.7001 73.8002
244 24.6001 24.7001 24.8001 74.1002
245 24.7001 24.8001 24.9001 74.4002
246 24.8001 24.9001 25.0001 74.7002
247 24.9001 25.0001 25.1001 75.0002
248 25.0001 25.1001 25.2001 75.3002
249 25.1001 25.2001 25.3001 75.6002
250 25.2001 25.3001 25.4001 75.9002
251 25.3001 25.4001 25.5001 76.2002
252 25.4001 25.5001 25.6001 76.5002
253 25.5001 25.6001 25.7001 76.8002
254 25.6001 25.7001 25.8001 77.1002
255 25.7001 25.8001 25.9001 77.4002
256 25.8001 25.9001 26.0001 77.7002
257 25.9001 26.0001 26.1001 78.0002
258 26.0001 26.1001 26.2001 78.3002
259 26.1001 26.2001 26.3001 78.6002
260 26.2001 26.3001 26.4001 78.9002
261 26.3001 26.4001 26.5001 79.2002
262 26.4001 26.5001 26.6001 79.5002
263 26.5001 26.6001 26.7001 79.8002
264 26.6001 26.7001 26.8001 80.1002
265 26.7001 26.8001 26.9001 80.4002
266 26.8001 26.9001 27.0001 80.7002
267 26.9001 27.0001 27.1001 81.0002
268 27.0001 27.1001 27.2001 81.3002
269 27.1001 27.2001 27.3001 81.6002
270 27.2001 27.3001 27.4001 81.9002
271 27.3001 27.4001 27.5001 82.2002
272 27.4001 27.5001 27.6001 82.5002
273 27.5001 27.6001 27.7001 82.8002
274 27.6001 27.7001 27.8001 83.1002
275 27.7001 27.8001 27.9001 83.4002
276 27.8001 27.9001 28.0001 83.7002
277 27.9001 28.0001 28.1001 84.0002
278 28.0001 28.1001 28.2001 84.3002
279 28.1001 28.2001 28.3001 84.6002
280 28.2001 28.3001 28.4001 84.9002
281 28.3001 28.4001 28.5001 85.2002
282 28.4001 28.5001 28.6001 85.5002
283 28.5001 28.6001 28.7001 85.8002
284 28.6001 28.7001 28.8001 86.1002
285 28.7001 28.8001 28.9001 86.4002
286 28.8001 28.9001 29.0001 86.7002
287 28.9001 29.0001 29.1001 87.0002
288 29.0001 29.1001 29.2001 87.3002
289 29.1001 29.2001 29.3001 87.6002
290 29.2001 29.3001 29.4001 87.9002
291 29.3001 29.4001 29.5001 88.2002
292 29.4001 29.5001 29.6001 88.5002
293 29.5001 29.6001 29.7001 88.8002
294 29.6001 29.7001 29.8001 89.1002
295 29.7001 29.8001 29.9001 89.4002
296 29.8001 29.9001 30.0001 89.7002
297 29.9001 30.0001 30.1001 90.0002
298 30.0001 30.1001 30.2001 90.3002
299 30.1001 30.2001 30.3001 90.6002
300 30.2001 30.3001 30.4001 90.9002
301 30.3001 30.4001 30.5001 91.2002
302 30.4001 30.5001 30.6001 91.5002
303 30.5001 30.6001 30.7001 91.8002
304 30.6001 30.7001 30.8001 92.1002
305 30.7001 30.8001 30.9001 92.4002
306 30.8001 30.9001 31.0001 92.7002
307 30.9001 31.0001 31.1001 93.0002
308 31.0001 31.1001 31.2001 93.3002
309 31.1001 31.2001 31.3001 93.6003
310 31.2001 31.3001 31.4001 93.9003
311 31.3001 31.4001 31.5001 94.2002
312 31.4001 31.5001 31.6001 94.5003
313 31.5001 31.6001 31.7001 94.8002
314 31.6001 31.7001 31.8001 95.1003
315 31.7001 31.8001 31.9001 95.4003
316 31.8001 31.9001 32.0001 95.7003
317 31.9001 32.0001 32.1001 96.0003
318 32.0001 32.1001 32.2001 96.3002
319 32.1001 32.2001 32.3001 96.6002
320 32.2001 32.3001 32.4001 96.9002
321 32.3001 32.4001 32.5001 97.2002
322 32.4001 32.5001 32.6001 97.5002
323 32.5001 32.6001 32.7001 97.8002
324 32.6001 32.7001 32.8001 98.1002
325 32.7001 32.8001 32.9001 98.4002
326 32.8001 32.9001 33.0001 98.7002
327 32.9001 33.0001 33.1001 99.0002
328 33.0001 33.1001 33.2001 99.3002
329 33.1001 33.2001 33.3001 99.6002
330 33.2001 33.3001 33.4001 99.9002
331 33.3001 33.4001 33.5001 100.2
332 33.4001 33.5001 33.6001 100.5
333 33.5001 33.6001 33.7001 100.8
334 33.6001 33.7001 33.8001 101.1
335 33.7001 33.8001 33.9001 101.4
336 33.8001 33.9001 34.0001 101.7
337 33.9001 34.0001 34.1001 102
338 34.0001 34.1001 34.2001 102.3
339 34.1001 34.2001 34.3 102.6
340 34.2001 34.3 34.4 102.9
341 34.3 34.4 34.5 103.2
342 34.4 34.5 34.6 103.5
343 34.5 34.6 34.7 103.8
344 34.6 34.7 34.8 104.1
345 34.7 34.8 34.9 104.4
346 34.8 34.9 35 104.7
347 34.9 35 35.1 105
348 35 35.1 35.2 105.3
349 35.1 35.2 35.3 105.6
350 35.2 35.3 35.4 105.9
351 35.3 35.4 35.5 106.2
352 35.4 35.5 35.6 106.5
353 35.5 35.6 35.7 106.8
354 35.6 35.7 35.8 107.1
355 35.7 35.8 35.9 107.4
356 35.8 35.9 36 107.7
357 35.9 36 36.1 108
358 36 36.1 36.2 108.3
359 36.1 36.2 36.3 108.6
360 36.2 36.3 36.4 108.9
361 36.3 36.4 36.5 109.2
362 36.4 36.5 36.6 109.5
363 36.5 36.6 36.7 109.8
364 36.6 36.7 36.8 110.1
365 36.7 36.8 36.9 110.4
366 36.8 36.9 37 110.7
367 36.9 37 37.1 111
368 37 37.1 37.2 111.3
369 37.1 37.2 37.3 111.6
370 37.2 37.3 37.4 111.9
371 37.3 37.4 37.5 112.2
372 37.4 37.5 37.6 112.5
373 37.5 37.6 37.7 112.8
374 37.6 37.7 37.8 113.1
375 37.7 37.8 37.9 113.4
376 37.8 37.9 38 113.7
377 37.9 38 38.1 114
378 38 38.1 38.2 114.3
379 38.1 38.2 38.3 114.6
380 38.2 38.3 38.4 114.9
381 38.3 38.4 38.5 115.2
382 38.4 38.5 38.6 115.5
383 38.5 38.6 38.7 115.8
384 38.6 38.7 38.8 116.1
385 38.7 38.8 38.9 116.4
386 38.8 38.9 39 116.7
387 38.9 39 39.1 117
388 39 39.1 39.2 117.3
389 39.1 39.2 39.3 117.6
390 39.2 39.3 39.4 117.9
391 39.3 39.4 39.5 118.2
392 39.4 39.5 39.6 118.5
393 39.5 39.6 39.7 118.8
394 39.6 39.7 39.8 119.1
395 39.7 39.8 39.9 119.4
396 39.8 39.9 40 119.7
397 39.9 40 40.1 120
398 40 40.1 40.2 120.3
399 40.1 40.2 40.3 120.6
400 40.2 40.3 40.4 120.9
401 40.3 40.4 40.5 121.2
402 40.4 40.5 40.6 121.5
403 40.5 40.6 40.7 121.8
404 40.6 40.7 40.7999 122.1
405 40.7 40.7999 40.8999 122.4
406 40.7999 40.8999 40.9999 122.7
407 40.8999 40.9999 41.0999 123
408 40.9999 41.0999 41.1999 123.3
409 41.0999 41.1999 41.2999 123.6
410 41.1999 41.2999 41.3999 123.9
411 41.2999 41.3999 41.4999 124.2
412 41.3999 41.4999 41.5999 124.5
413 41.4999 41.5999 41.6999 124.8
414 41.5999 41.6999 41.7999 125.1
415 41.6999 41.7999 41.8999 125.4
416 41.7999 41.8999 41.9999 125.7
417 41.8999 41.9999 42.0999 126
418 41.9999 42.0999 42.1999 126.3
419 42.0999 42.1999 42.2999 126.6
420 42.1999 42.2999 42.3999 126.9
421 42.2999 42.3999 42.4999 127.2
422 42.3999 42.4999 42.5999 127.5
423 42.4999 42.5999 42.6999 127.8
424 42.5999 42.6999 42.7999 128.1
425 42.6999 42.7999 42.8999 128.4
426 42.7999 42.8999 42.9999 128.7
427 42.8999 42.9999 43.0999 129
428 42.9999 43.0999 43.1999 129.3
429 43.0999 43.1999 43.2999 129.6
430 43.1999 43.2999 43.3999 129.9
431 43.2999 43.3999 43.4999 130.2
432 43.3999 43.4999 43.5999 130.5
433 43.4999 43.5999 43.6999 130.8
434 43.5999 43.6999 43.7999 131.1
435 43.6999 43.7999 43.8999 131.4
436 43.7999 43.8999 43.9999 131.7
437 43.8999 43.9999 44.0999 132
438 43.9999 44.0999 44.1999 132.3
439 44.0999 44.1999 44.2999 132.6
440 44.1999 44.2999 44.3999 132.9
441 44.2999 44.3999 44.4999 133.2
442 44.3999 44.4999 44.5999 133.5
443 44.4999 44.5999 44.6999 133.8
444 44.5999 44.6999 44.7999 134.1
445 44.6999 44.7999 44.8999 134.4
446 44.7999 44.8999 44.9999 134.7
447 44.8999 44.9999 45.0999 135
448 44.9999 45.0999 45.1999 135.3
449 45.0999 45.1999 45.2999 135.6
450 45.1999 45.2999 45.3999 135.9
451 45.2999 45.3999 45.4999 136.2
452 45.3999 45.4999 45.5999 136.5
453 45.4999 45.5999 45.6999 136.8
454 45.5999 45.6999 45.7999 137.1
455 45.6999 45.7999 45.8999 137.4
456 45.7999 45.8999 45.9999 137.7
457 45.8999 45.9999 46.0999 138
458 45.9999 46.0999 46.1999 138.3
459 46.0999 46.1999 46.2999 138.6
460 46.1999 46.2999 46.3999 138.9
461 46.2999 46.3999 46.4999 139.2
462 46.3999 46.4999 46.5999 139.5
463 46.4999 46.5999 46.6999 139.8
464 46.5999 46.6999 46.7999 140.1
465 46.6999 46.7999 46.8999 140.4
466 46.7999 46.8999 46.9999 140.7
467 46.8999 46.9999 47.0999 141
468 46.9999 47.0999 47.1999 141.3
469 47.0999 47.1999 47.2999 141.6
470 47.1999 47.2999 47.3998 141.9
471 47.2999 47.3998 47.4998 142.2
472 47.3998 47.4998 47.5998 142.5
473 47.4998 47.5998 47.6998 142.8
474 47.5998 47.6998 47.7998 143.1
475 47.6998 47.7998 47.8998 143.4
476 47.7998 47.8998 47.9998 143.7
477 47.8998 47.9998 48.0998 144
478 47.9998 48.0998 48.1998 144.3
479 48.0998 48.1998 48.2998 144.6
480 48.1998 48.2998 48.3998 144.9
481 48.2998 48.3998 48.4998 145.199
482 48.3998 48.4998 48.5998 145.499
483 48.4998 48.5998 48.6998 145.799
484 48.5998 48.6998 48.7998 146.099
485 48.6998 48.7998 48.8998 146.399
486 48.7998 48.8998 48.9998 146.699
487 48.8998 48.9998 49.0998 146.999
488 48.9998 49.0998 49.1998 147.299
489 49.0998 49.1998 49.2998 147.599
490 49.1998 49.2998 49.3998 147.899
491 49.2998 49.3998 49.4998 148.199
492 49.3998 49.4998 49.5998 148.499
493 49.4998 49.5998 49.6998 148.799
494 49.5998 49.6998 49.7998 149.099
495 49.6998 49.7998 49.8998 149.399
496 49.7998 49.8998 49.9998 149.699
497 49.8998 49.9998 50.0998 149.999
498 49.9998 50.0998 50.1998 150.299
499 50.0998 50.1998 50.2998 150.599
500 50.1998 50.2998 50.3998 150.899
501 50.2998 50.3998 50.4998 151.199
502 50.3998 50.4998 50.5998 151.499
503 50.4998 50.5998 50.6998 151.799
504 50.5998 50.6998 50.7998 152.099
505 50.6998 50.7998 50.8998 152.399
506 50.7998 50.8998 50.9998 152.699
507 50.8998 50.9998 51.0998 152.999
508 50.9998 51.0998 51.1998 153.299
509 51.0998 51.1998 51.2998 153.599
510 51.1998 51.2998 51.3998 153.899
511 51.2998 51.3998 51.4998 154.199
512 51.3998 51.4998 51.5998 154.499
513 51.4998 51.5998 51.6998 154.799
514 51.5998 51.6998 51.7998 155.099
515 51.6998 51.7998 51.8998 155.399
516 51.7998 51.8998 51.9998 155.699
517 51.8998 51.9998 52.0998 155.999
518 51.9998 52.0998 52.1998 156.299
519 52.0998 52.1998 52.2998 156.599
520 52.1998 52.2998 52.3998 156.899
521 52.2998 52.3998 52.4998 157.199
522 52.3998 52.4998 52.5998 157.499
523 52.4998 52.5998 52.6998 157.799
524 52.5998 52.6998 52.7998 158.099
525 52.6998 52.7998 52.8998 158.399
526 52.7998 52.8998 52.9998 158.699
527 52.8998 52.9998 53.0998 158.999
528 52.9998 53.0998 53.1998 159.299
529 53.0998 53.1998 53.2998 159.599
530 53.1998 53.2998 53.3998 159.899
531 53.2998 53.3998 53.4998 160.199
532 53.3998 53.4998 53.5998 160.499
533 53.4998 53.5998 53.6998 160.799
534 53.5998 53.6998 53.7998 161.099
535 53.6998 53.7998 53.8997 161.399
536 53.7998 53.8997 53.9997 161.699
537 53.8997 53.9997 54.0997 161.999
538 53.9997 54.0997 54.1997 162.299
539 54.0997 54.1997 54.2997 162.599
540 54.1997 54.2997 54.3997 162.899
541 54.2997 54.3997 54.4997 163.199
542 54.3997 54.4997 54.5997 163.499
543 54.4997 54.5997 54.6997 163.799
544 54.5997 54.6997 54.7997 164.099
545 54.6997 54.7997 54.8997 164.399
546 54.7997 54.8997 54.9997 164.699
547 54.8997 54.9997 55.0997 164.999
548 54.9997 55.0997 55.1997 165.299
549 55.0997 55.1997 55.2997 165.599
550 55.1997 55.2997 55.3997 165.899
551 55.2997 55.3997 55.4997 166.199
552 55.3997 55.4997 55.5997 166.499
553 55.4997 55.5997 55.6997 166.799
554 55.5997 55.6997 55.7997 167.099
555 55.6997 55.7997 55.8997 167.399
556 55.7997 55.8997 55.9997 167.699
557 55.8997 55.9997 56.0997 167.999
558 55.9997 56.0997 56.1997 168.299
559 56.0997 56.1997 56.2997 168.599
560 56.1997 56.2997 56.3997 168.899
561 56.2997 56.3997 56.4997 169.199
562 56.3997 56.4997 56.5997 169.499
563 56.4997 56.5997 56.6997 169.799
564 56.5997 56.6997 56.7997 170.099
565 56.6997 56.7997 56.8997 170.399
566 56.7997 56.8997 56.9997 170.699
567 56.8997 56.9997 57.0997 170.999
568 56.9997 57.0997 57.1997 171.299
569 57.0997 57.1997 57.2997 171.599
570 57.1997 57.2997 57.3997 171.899
571 57.2997 57.3997 57.4997 172.199
572 57.3997 57.4997 57.5997 172.499
573 57.4997 57.5997 57.6997 172.799
574 57.5997 57.6997 57.7997 173.099
575 57.6997 57.7997 57.8997 173.399
576 57.7997 57.8997 57.9997 173.699
577 57.8997 57.9997 58.0997 173.999
578 57.9997 58.0997 58.1997 174.299
579 58.0997 58.1997 58.2997 174.599
580 58.1997 58.2997 58.3997 174.899
581 58.2997 58.3997 58.4997 175.199
582 58.3997 58.4997 58.5997 175.499
583 58.4997 58.5997 58.6997 175.799
584 58.5997 58.6997 58.7997 176.099
585 58.6997 58.7997 58.8997 176.399
586 58.7997 58.8997 58.9997 176.699
587 58.8997 58.9997 59.0997 176.999
588 58.9997 59.0997 59.1997 177.299
589 59.0997 59.1997 59.2997 177.599
590 59.1997 59.2997 59.3997 177.899
591 59.2997 59.3997 59.4997 178.199
592 59.3997 59.4997 59.5997 178.499
593 59.4997 59.5997 59.6997 178.799
594 59.5997 59.6997 59.7997 179.099
595 59.6997 59.7997 59.8997 179.399
596 59.7997 59.8997 59.9997 179.699
597 59.8997 59.9997 60.0997 179.999
598 59.9997 60.0997 60.1997 180.299
599 60.0997 60.1997 60.2997 180.599
600 60.1997 60.2997 60.3997 180.899
601 60.2997 60.3997 60.4996 181.199
602 60.3997 60.4996 60.5996 181.499
603 60.4996 60.5996 60.6996 181.799
604 60.5996 60.6996 60.7996 182.099
605 60.6996 60.7996 60.8996 182.399
606 60.7996 60.8996 60.9996 182.699
607 60.8996 60.9996 61.0996 182.999
608 60.9996 61.0996 61.1996 183.299
609 61.0996 61.1996 61.2996 183.599
610 61.1996 61.2996 61.3996 183.899
611 61.2996 61.3996 61.4996 184.199
612 61.3996 61.4996 61.5996 184.499
613 61.4996 61.5996 61.6996 184.799
614 61.5996 61.6996 61.7996 185.099
615 61.6996 61.7996 61.8996 185.399
616 61.7996 61.8996 61.9996 185.699
617 61.8996 61.9996 62.0996 185.999
618 61.9996 62.0996 62.1996 186.299
619 62.0996 62.1996 62.2996 186.599
620 62.1996 62.2996 62.3996 186.899
621 62.2996 62.3996 62.4996 187.199
622 62.3996 62.4996 62.5996 187.499
623 62.4996 62.5996 62.6996 187.799
624 62.5996 62.6996 62.7996 188.099
625 62.6996 62.7996 62.8996 188.399
626 62.7996 62.8996 62.9996 188.699
627 62.8996 62.9996 63.0996 188.999
628 62.9996 63.0996 63.1996 189.299
629 63.0996 63.1996 63.2996 189.599
630 63.1996 63.2996 63.3996 189.899
631 63.2996 63.3996 63.4996 190.199
632 63.3996 63.4996 63.5996 190.499
633 63.4996 63.5996 63.6996 190.799
634 63.5996 63.6996 63.7996 191.099
635 63.6996 63.7996 63.8996 191.399
636 63.7996 63.8996 63.9996 191.699
637 63.8996 63.9996 64.0996 191.999
638 63.9996 64.0996 64.1996 192.299
639 64.0996 64.1996 64.2996 192.599
640 64.1996 64.2996 64.3996 192.899
641 64.2996 64.3996 64.4996 193.199
642 64.3996 64.4996 64.5996 193.499
643 64.4996 64.5996 64.6996 193.799
644 64.5996 64.6996 64.7996 194.099
645 64.6996 64.7996 64.8996 194.399
646 64.7996 64.8996 64.9996 194.699
647 64.8996 64.9996 65.0996 194.999
648 64.9996 65.0996 65.1996 195.299
649 65.0996 65.1996 65.2996 195.599
650 65.1996 65.2996 65.3996 195.899
651 65.2996 65.3996 65.4996 196.199
652 65.3996 65.4996 65.5996 196.499
653 65.4996 65.5996 65.6996 196.799
654 65.5996 65.6996 65.7996 197.099
655 65.6996 65.7996 65.8996 197.399
656 65.7996 65.8996 65.9996 197.699
657 65.8996 65.9996 66.0996 197.999
658 65.9996 66.0996 66.1996 198.299
659 66.0996 66.1996 66.2996 198.599
660 66.1996 66.2996 66.3996 198.899
661 66.2996 66.3996 66.4996 199.199
662 66.3996 66.4996 66.5996 199.499
663 66.4996 66.5996 66.6996 199.799
664 66.5996 66.6996 66.7996 200.099
665 66.6996 66.7996 66.8996 200.399
666 66.7996 66.8996 66.9995 200.699
667 66.8996 66.9995 67.0995 200.999
668 66.9995 67.0995 67.1995 201.299
669 67.0995 67.1995 67.2995 201.599
670 67.1995 67.2995 67.3995 201.899
671 67.2995 67.3995 67.4995 202.199
672 67.3995 67.4995 67.5995 202.499
673 67.4995 67.5995 67.6995 202.799
674 67.5995 67.6995 67.7995 203.099
675 67.6995 67.7995 67.8995 203.399
676 67.7995 67.8995 67.9995 203.699
677 67.8995 67.9995 68.0995 203.999
678 67.9995 68.0995 68.1995 204.299
679 68.0995 68.1995 68.2995 204.599
680 68.1995 68.2995 68.3995 204.899
681 68.2995 68.3995 68.4995 205.199
682 68.3995 68.4995 68.5995 205.499
683 68.4995 68.5995 68.6995 205.799
684 68.5995 68.6995 68.7995 206.099
685 68.6995 68.7995 68.8995 206.399
686 68.7995 68.8995 68.9995 206.699
687 68.8995 68.9995 69.0995 206.999
688 68.9995 69.0995 69.1995 207.299
689 69.0995 69.1995 69.2995 207.599
690 69.1995 69.2995 69.3995 207.899
691 69.2995 69.3995 69.4995 208.199
692 69.3995 69.4995 69.5995 208.499
693 69.4995 69.5995 69.6995 208.799
694 69.5995 69.6995 69.7995 209.099
695 69.6995 69.7995 69.8995 209.399
696 69.7995 69.8995 69.9995 209.699
697 69.8995 69.9995 70.0995 209.999
698 69.9995 70.0995 70.1995 210.298
699 70.0995 70.1995 70.2995 210.599
700 70.1995 70.2995 70.3995 210.898
701 70.2995 70.3995 70.4995 211.199
702 70.3995 70.4995 70.5995 211.498
703 70.4995 70.5995 70.6995 211.798
704 70.5995 70.6995 70.7995 212.098
705 70.6995 70.7995 70.8995 212.398
706 70.7995 70.8995 70.9995 212.698
707 70.8995 70.9995 71.0995 212.998
708 70.9995 71.0995 71.1995 213.298
709 71.0995 71.1995 71.2995 213.598
710 71.1995 71.2995 71.3995 213.898
711 71.2995 71.3995 71.4995 214.198
712 71.3995 71.4995 71.5995 214.498
713 71.4995 71.5995 71.6995 214.798
714 71.5995 71.6995 71.7995 215.098
715 71.6995 71.7995 71.8995 215.398
716 71.7995 71.8995 71.9995 215.698
717 71.8995 71.9995 72.0995 215.998
718 71.9995 72.0995 72.1995 216.298
719 72.0995 72.1995 72.2995 216.598
720 72.1995 72.2995 72.3995 216.898
721 72.2995 72.3995 72.4995 217.198
722 72.3995 72.4995 72.5995 217.498
723 72.4995 72.5995 72.6995 217.798
724 72.5995 72.6995 72.7995 218.098
725 72.6995 72.7995 72.8995 218.398
726 72.7995 72.8995 72.9995 218.698
727 72.8995 72.9995 73.0995 218.998
728 72.9995 73.0995 73.1995 219.298
729 73.0995 73.1995 73.2995 219.598
730 73.1995 73.2995 73.3995 219.898
731 73.2995 73.3995 73.4995 220.198
732 73.3995 73.4995 73.5994 220.498
733 73.4995 73.5994 73.6994 220.798
734 73.5994 73.6994 73.7994 221.098
735 73.6994 73.7994 73.8994 221.398
736 73.7994 73.8994 73.9994 221.698
737 73.8994 73.9994 74.0994 221.998
738 73.9994 74.0994 74.1994 222.298
739 74.0994 74.1994 74.2994 222.598
740 74.1994 74.2994 74.3994 222.898
741 74.2994 74.3994 74.4994 223.198
742 74.3994 74.4994 74.5994 223.498
743 74.4994 74.5994 74.6994 223.798
744 74.5994 74.6994 74.7994 224.098
745 74.6994 74.7994 74.8994 224.398
746 74.7994 74.8994 74.9994 224.698
747 74.8994 74.9994 75.0994 224.998
748 74.9994 75.0994 75.1994 225.298
749 75.0994 75.1994 75.2994 225.598
750 75.1994 75.2994 75.3994 225.898
751 75.2994 75.3994 75.4994 226.198
752 75.3994 75.4994 75.5994 226.498
753 75.4994 75.5994 75.6994 226.798
754 75.5994 75.6994 75.7994 227.098
755 75.6994 75.7994 75.8994 227.398
756 75.7994 75.8994 75.9994 227.698
757 75.8994 75.9994 76.0994 227.998
758 75.9994 76.0994 76.1994 228.298
759 76.0994 76.1994 76.2994 228.598
760 76.1994 76.2994 76.3994 228.898
761 76.2994 76.3994 76.4994 229.198
762 76.3994 76.4994 76.5994 229.498
763 76.4994 76.5994 76.6994 229.798
764 76.5994 76.6994 76.7994 230.098
765 76.6994 76.7994 76.8994 230.398
766 76.7994 76.8994 76.9994 230.698
767 76.8994 76.9994 77.0994 230.998
768 76.9994 77.0994 77.1994 231.298
769 77.0994 77.1994 77.2994 231.598
770 77.1994 77.2994 77.3994 231.898
771 77.2994 77.3994 77.4994 232.198
772 77.3994 77.4994 77.5994 232.498
773 77.4994 77.5994 77.6994 232.798
774 77.5994 77.6994 77.7994 233.098
775 77.6994 77.7994 77.8994 233.398
776 77.7994 77.8994 77.9994 233.698
777 77.8994 77.9994 78.0994 233.998
778 77.9994 78.0994 78.1994 234.298
779 78.0994 78.1994 78.2994 234.598
780 78.1994 78.2994 78.3994 234.898
781 78.2994 78.3994 78.4994 235.198
782 78.3994 78.4994 78.5994 235.498
783 78.4994 78.5994 78.6994 235.798
784 78.5994 78.6994 78.7994 236.098
785 78.6994 78.7994 78.8994 236.398
786 78.7994 78.8994 78.9994 236.698
787 78.8994 78.9994 79.0994 236.998
788 78.9994 79.0994 79.1994 237.298
789 79.0994 79.1994 79.2994 237.598
790 79.1994 79.2994 79.3994 237.898
791 79.2994 79.3994 79.4994 238.198
792 79.3994 79.4994 79.5994 238.498
793 79.4994 79.5994 79.6994 238.798
794 79.5994 79.6994 79.7994 239.098
795 79.6994 79.7994 79.8994 239.398
796 79.7994 79.8994 79.9994 239.698
797 79.8994 79.9994 80.0993 239.998
798 79.9994 80.0993 80.1993 240.298
799 80.0993 80.1993 80.2993 240.598
800 80.1993 80.2993 80.3993 240.898
801 80.2993 80.3993 80.4993 241.198
802 80.3993 80.4993 80.5993 241.498
803 80.4993 80.5993 80.6993 241.798
804 80.5993 80.6993 80.7993 242.098
805 80.6993 80.7993 80.8993 242.398
806 80.7993 80.8993 80.9993 242.698
807 80.8993 80.9993 81.0993 242.998
808 80.9993 81.0993 81.1993 243.298
809 81.0993 81.1993 81.2993 243.598
810 81.1993 81.2993 81.3993 243.898
811 81.2993 81.3993 81.4993 244.198
812 81.3993 81.4993 81.5993 244.498
813 81.4993 81.5993 81.6993 244.798
814 81.5993 81.6993 81.7993 245.098
815 81.6993 81.7993 81.8993 245.398
816 81.7993 81.8993 81.9993 245.698
817 81.8993 81.9993 82.0993 245.998
818 81.9993 82.0993 82.1993 246.298
819 82.0993 82.1993 82.2993 246.598
820 82.1993 82.2993 82.3993 246.898
821 82.2993 82.3993 82.4993 247.198
822 82.3993 82.4993 82.5993 247.498
823 82.4993 82.5993 82.6993 247.798
824 82.5993 82.6993 82.7993 248.098
825 82.6993 82.7993 82.8993 248.398
826 82.7993 82.8993 82.9993 248.698
827 82.8993 82.9993 83.0993 248.998
828 82.9993 83.0993 83.1993 249.298
829 83.0993 83.1993 83.2993 249.598
830 83.1993 83.2993 83.3993 249.898
831 83.2993 83.3993 83.4993 250.198
832 83.3993 83.4993 83.5993 250.498
833 83.4993 83.5993 83.6993 250.798
834 83.5993 83.6993 83.7993 251.098
835 83.6993 83.7993 83.8993 251.398
836 83.7993 83.8993 83.9993 251.698
837 83.8993 83.9993 84.0993 251.998
838 83.9993 84.0993 84.1993 252.298
839 84.0993 84.1993 84.2993 252.598
840 84.1993 84.2993 84.3993 252.898
841 84.2993 84.3993 84.4993 253.198
842 84.3993 84.4993 84.5993 253.498
843 84.4993 84.5993 84.6993 253.798
844 84.5993 84.6993 84.7993 254.098
845 84.6993 84.7993 84.8993 254.398
846 84.7993 84.8993 84.9993 254.698
847 84.8993 84.9993 85.0993 254.998
848 84.9993 85.0993 85.1993 255.298
849 85.0993 85.1993 85.2993 255.598
850 85.1993 85.2993 85.3993 255.898
851 85.2993 85.3993 85.4993 256.198
852 85.3993 85.4993 85.5993 256.498
853 85.4993 85.5993 85.6993 256.798
854 85.5993 85.6993 85.7993 257.098
855 85.6993 85.7993 85.8993 257.398
856 85.7993 85.8993 85.9993 257.698
857 85.8993 85.9993 86.0993 257.998
858 85.9993 86.0993 86.1993 258.298
859 86.0993 86.1993 86.2993 258.598
860 86.1993 86.2993 86.3993 258.898
861 86.2993 86.3993 86.4993 259.198
862 86.3993 86.4993 86.5993 259.498
863 86.4993 86.5993 86.6992 259.798
864 86.5993 86.6992 86.7992 260.098
865 86.6992 86.7992 86.8992 260.398
866 86.7992 86.8992 86.9992 260.698
867 86.8992 86.9992 87.0992 260.998
868 86.9992 87.0992 87.1992 261.298
869 87.0992 87.1992 87.2992 261.598
870 87.1992 87.2992 87.3992 261.898
871 87.2992 87.3992 87.4992 262.198
872 87.3992 87.4992 87.5992 262.498
873 87.4992 87.5992 87.6992 262.798
874 87.5992 87.6992 87.7992 263.098
875 87.6992 87.7992 87.8992 263.398
876 87.7992 87.8992 87.9992 263.698
877 87.8992 87.9992 88.0992 263.998
878 87.9992 88.0992 88.1992 264.298
879 88.0992 88.1992 88.2992 264.598
880 88.1992 88.2992 88.3992 264.898
881 88.2992 88.3992 88.4992 265.198
882 88.3992 88.4992 88.5992 265.498
883 88.4992 88.5992 88.6992 265.798
884 88.5992 88.6992 88.7992 266.098
885 88.6992 88.7992 88.8992 266.398
886 88.7992 88.8992 88.9992 266.698
887 88.8992 88.9992 89.0992 266.998
888 88.9992 89.0992 89.1992 267.298
889 89.0992 89.1992 89.2992 267.598
890 89.1992 89.2992 89.3992 267.898
891 89.2992 89.3992 89.4992 268.198
892 89.3992 89.4992 89.5992 268.498
893 89.4992 89.5992 89.6992 268.798
894 89.5992 89.6992 89.7992 269.098
895 89.6992 89.7992 89.8992 269.398
896 89.7992 89.8992 89.9992 269.698
897 89.8992 89.9992 90.0992 269.998
898 89.9992 90.0992 90.1992 270.298
899 90.0992 90.1992 90.2992 270.598
900 90.1992 90.2992 90.3992 270.898
901 90.2992 90.3992 90.4992 271.198
902 90.3992 90.4992 90.5992 271.498
903 90.4992 90.5992 90.6992 271.798
904 90.5992 90.6992 90.7992 272.098
905 90.6992 90.7992 90.8992 272.398
906 90.7992 90.8992 90.9992 272.698
907 90.8992 90.9992 91.0992 272.998
908 90.9992 91.0992 91.1992 273.298
909 91.0992 91.1992 91.2992 273.598
910 91.1992 91.2992 91.3992 273.898
911 91.2992 91.3992 91.4992 274.198
912 91.3992 91.4992 91.5992 274.498
913 91.4992 91.5992 91.6992 274.798
914 91.5992 91.6992 91.7992 275.098
915 91.6992 91.7992 91.8992 275.398
916 91.7992 91.8992 91.9992 275.698
917 91.8992 91.9992 92.0992 275.997
918 91.9992 92.0992 92.1992 276.297
919 92.0992 92.1992 92.2992 276.598
920 92.1992 92.2992 92.3992 276.897
921 92.2992 92.3992 92.4992 277.198
922 92.3992 92.4992 92.5992 277.497
923 92.4992 92.5992 92.6992 277.797
924 92.5992 92.6992 92.7992 278.097
925 92.6992 92.7992 92.8992 278.397
926 92.7992 92.8992 92.9992 278.697
927 92.8992 92.9992 93.0992 278.997
928 92.9992 93.0992 93.1992 279.297
929 93.0992 93.1992 93.2991 279.597
930 93.1992 93.2991 93.3991 279.897
931 93.2991 93.3991 93.4991 280.197
932 93.3991 93.4991 93.5991 280.497
933 93.4991 93.5991 93.6991 280.797
934 93.5991 93.6991 93.7991 281.097
935 93.6991 93.7991 93.8991 281.397
936 93.7991 93.8991 93.9991 281.697
937 93.8991 93.9991 94.0991 281.997
938 93.9991 94.0991 94.1991 282.297
939 94.0991 94.1991 94.2991 282.597
940 94.1991 94.2991 94.3991 282.897
941 94.2991 94.3991 94.4991 283.197
942 94.3991 94.4991 94.5991 283.497
943 94.4991 94.5991 94.6991 283.797
944 94.5991 94.6991 94.7991 284.097
945 94.6991 94.7991 94.8991 284.397
946 94.7991 94.8991 94.9991 284.697
947 94.8991 94.9991 95.0991 284.997
948 94.9991 95.0991 95.1991 285.297
949 95.0991 95.1991 95.2991 285.597
950 95.1991 95.2991 95.3991 285.897
951 95.2991 95.3991 95.4991 286.197
952 95.3991 95.4991 95.5991 286.497
953 95.4991 95.5991 95.6991 286.797
954 95.5991 95.6991 95.7991 287.097
955 95.6991 95.7991 95.8991 287.397
956 95.7991 95.8991 95.9991 287.697
957 95.8991 95.9991 96.0991 287.997
958 95.9991 96.0991 96.1991 288.297
959 96.0991 96.1991 96.2991 288.597
960 96.1991 96.2991 96.3991 288.897
961 96.2991 96.3991 96.4991 289.197
962 96.3991 96.4991 96.5991 289.497
963 96.4991 96.5991 96.6991 289.797
964 96.5991 96.6991 96.7991 290.097
965 96.6991 96.7991 96.8991 290.397
966 96.7991 96.8991 96.9991 290.697
967 96.8991 96.9991 97.0991 290.997
968 96.9991 97.0991 97.1991 291.297
969 97.0991 97.1991 97.2991 291.597
970 97.1991 97.2991 97.3991 291.897
971 97.2991 97.3991 97.4991 292.197
972 97.3991 97.4991 97.5991 292.497
973 97.4991 97.5991 97.6991 292.797
974 97.5991 97.6991 97.7991 293.097
975 97.6991 97.7991 97.8991 293.397
976 97.7991 97.8991 97.9991 293.697
977 97.8991 97.9991 98.0991 293.997
978 97.9991 98.0991 98.1991 294.297
979 98.0991 98.1991 98.2991 294.597
980 98.1991 98.2991 98.3991 294.897
981 98.2991 98.3991 98.4991 295.197
982 98.3991 98.4991 98.5991 295.497
983 98.4991 98.5991 98.6991 295.797
984 98.5991 98.6991 98.7991 296.097
985 98.6991 98.7991 98.8991 296.397
986 98.7991 98.8991 98.9991 296.697
987 98.8991 98.9991 99.0991 296.997
988 98.9991 99.0991 99.1991 297.297
989 99.0991 99.1991 99.2991 297.597
990 99.1991 99.2991 99.3991 297.897
991 99.2991 99.3991 99.4991 298.197
992 99.3991 99.4991 99.5991 298.497
993 99.4991 99.5991 99.6991 298.797
994 99.5991 99.6991 99.799 299.097
995 99.6991 99.799 99.899 299.397
996 99.799 99.899 99.999 299.697
997 99.899 99.999 100.099 299.997
998 99.999 100.099 100.199 300.297
999 100.099 100.199 100.299 300.597
